---
title: 人民币兑换
updated: 2013-02-19 09:41:43Z
created: 2013-02-19 09:40:27Z
---

2013-02-19

人民币兑换额
100000     
买入价
卖出价
相差美元
相差人民币
上海银行
6.1802
16180.71
0
汇丰银行
6.2281819
6.2530914
15992.09
188.6162
1174.736
交通银行
6.1811
6.2547
15987.98
192.7291
1191.278
南京银行
6.1802
6.2551
15986.95
193.7515
1197.423
中国银行
6.1806
6.2555
15985.93
194.7737
1203.819
上海浦东发展银行
6.1808
6.2558
15985.17
195.5404
1208.596
深圳发展银行
6.1809
6.2558
15985.17
195.5404
1208.615
招商银行
6.1811
6.256
15984.65
196.0514
1211.813
农业银行
6.1811
6.256
15984.65
196.0514
1211.813
中信银行
6.1815
6.2564
15983.63
197.0734
1218.209
建设银行
6.1816
6.2565
15983.38
197.3288
1219.808
兴业银行
6.1819
6.2568
15982.61
198.0952
1224.605
华夏银行
6.1819
6.2568
15982.61
198.0952
1224.605
光大银行
6.181956
6.256889
15982.38
198.3225
1226.021
工商银行
6.182
6.2569
15982.36
198.3506
1226.204
哈尔滨银行
6.181857
6.2589
15977.25
203.4577
1257.747
徽商银行
6.2193
6.2947
15886.38
294.3255
1830.499